0.000000
0.000000
0.000000
0.000000
0.000000
0.000000
0.000000
0.000000
0.000000
0.000000
0.022802
0.000000
0.000000
0.000000
0.000000
0.000000
0.000000
0.000000
0.000000
0.000000
0.000000
0.000000
0.000000
0.000000
0.000000
0.000000
0.000000
0.000000
0.000000
0.000000
0.000000
0.000000
0.237062
0.001620
0.000086
0.000000
0.000000
0.000000
0.000004
0.005692
0.000115
0.000115
0.000012
0.000000
0.015238
0.001479
0.014295
0.000001
0.000055
0.000170
0.000067
0.000060
0.000017
0.000015
0.000012
0.000008
0.000007
0.000174
0.000335
0.003151
0.000086
0.000000
0.000081
0.001919
0.000001
0.008150
0.002824
0.003938
0.002873
0.007802
0.002146
0.002045
0.003382
0.010224
0.000379
0.001135
0.004371
0.002908
0.005009
0.006084
0.002187
0.000216
0.005308
0.006231
0.007292
0.002589
0.000656
0.003022
0.000111
0.001667
0.000097
0.000382
0.000000
0.000381
0.000000
0.000013
0.000000
0.044825
0.008527
0.012218
0.024510
0.074131
0.012605
0.010449
0.040014
0.036309
0.000497
0.005352
0.026778
0.017511
0.039560
0.051554
0.008524
0.000440
0.038272
0.039386
0.053126
0.021036
0.006227
0.013355
0.000859
0.015623
0.000201
0.000000
0.000006
0.000000
0.000000
0.000000
